287
2708
2711
2762
2769
2903
3037
3039
3055
3117
3197
3218
3252
3311
3316
3329
3330
3332
3339
3349
3352
3353
3369
3406
3435
3442
3467
3469
3483
3486
3490
3498
3501
3527
3538
3555
3559
3562
3570
3572
3589
3617
3627
3634
3635
3649
3654
3656
3659
3661
3663
3670
3674
3694
3702
3707
3708
3712
3713
3714
3715
3726
3735
3747
3750
3755
3758
3760
3816
3818
3823
3824
3837
3847
3858
3860
3864
3866
3870
3871
3873
3878
3879
3880
3884
3885
3886
3888
3909
3916
3917
3979
3981
3983
3988
4006
4039
4041
4043
4054
4058
4060
4072
4073
4075
4081
4084
4087
4090
4092
4096
4097
4100
4102
4103
4112
4113
4120
4142
4146
4151
4153
4182
4212
4220
4227
4232
4236
4442
4498
4513
4530
4536
4550
4558
4565
4568
4577
4606
4641
4670
4673
4679
4682
4690
4754
4784
4785
4786
4787
4792
4839
4850
4896
4920
4922
4932
4956
5005
5017
5037
5044
5054
5057
5059
5060
5061
5062
5074
5076
5077
5079
5081
5082
5111
5127
5141
5188
5219
5270
5286
5315
5322
5327
5334
5341
5346
5417
5467
5476
5477
5478
5480
5482
5499
5507
5535
5544
5547
5599
5627
5656
5660
5661
5664
5665
5671
5689
5693
5702
5741
5755
5762
5802
5811
5821
5823
5833
5835
5836
5837
5839
5843
5849
5850
5874
5888
5911
5940
6082
6087
6100
6110
6116
6123
6145
6182
6183
6192
6204
6238
6239
6253
6269
6277
6279
6282
6283
6287
6289
6306
6334
6339
6396
6398
6421
6431
6454
6492
6493
6500
6501
6526
6536
6549
6550
6551
6565
6610
6622
6637
6645
6663
6669
6680
6687
6689
6703
6723
6728
6737
6741
6755
6759
6761
6850
6853
6858
6863
6871
6876
6878
6880
6892
6904
6908
6918
6928
6941
6943
6945
6954
6956
6978
6984
6990
7004
7009
7038
7048
7054
7067
7070
7091
7102
7108
7109
7113
7116
7130
7137
7153
7159
7160
7165
7167
7176
7213
7217
7220
7221
7222
7224
7225
7227
7230
7234
7238
7240
7244
7245
7260
7370
7375
7385
7386
7425
7437
7441
7453
7454
7460
7461
7469
7487
7493
7515
7536
7594
7648
7654
7668
7729
7739
7741
7757
7787
7788
7797
7815
7830
7849
7868
7873
7886
7892
7897
7924
7936
7937
7955
7957
7962
7998
8010
8018
8019
8020
8022
8023
8030
8090
8127
8128
8255
8265
8305
8319
8345
8346
8348
8355
8364
8371
8376
8393
8395
8400
8402
8404
8406
8407
8439
8496
8502
8613
8616
8618
8626
8642
8644
8649
8656
8665
8668
8673
8692
8705
8706
8707
8713
8714
8717
8718
8722
8724
8725
8726
8730
8732
8736
8742
8753
8765
8769
8801
8839
8844
8845
8932
9031
9091
9103
9135
9258
9267
9402
9430
9483
9490
9505
9521
9534
9541
9543
9544
9555
9595
9598
9600
9601
9606
9615
9669
9675
9685
9739
9796
9823
9838
9913
9925
9940
9986
10029
10030
10036
10044
10047
10089
10090
10091
10096
10098
10103
10116
10141
10144
10181
10224
12944
13101
13216
13249
13274
13288
13347
13427
13443
13451
13618
13632
13676
13677
13686
13735
13894
15368
15957
16719
16922
18101
22663
23013
23211
27300
27334
27337
27446
27543
27804
28502
28509
28511
28513
28545
28565
28572
28576
28737
28909
28956
28957
28958
28973
28995
29017
29018
29022
29029
29154
29158
29159
29719
29725
29729
29760
29780
29808
29892
29918
29924
29960
30069
30076
30195
30331
30457
30494
31033
31165
31199
31229
31234
31273
31286
32201
32278
32595
33119
33125
33128
33178
33394
34245
34254
34256
34305
34364
34405
34407
34457
34553
34576
34607
34609
34610
34613
34621
34632
34647
34648
34649
34739
34771
34839
35024
35128
35570
35608
35625
35671
35883
35889
35925
35933
35941
35974
36188
36307
36329
36460
36596
36599
36650
36749
36774
36778
36779
36963
37000
37319
37335
37546
37565
37610
37690
37727
37738
38281
38596
38868
38869
38881
38945
39329
39333
39338
39350
39352
39367
39414
39466
39639
39682
39708
39855
39946
39947
39984
40559
40602
40697
41058
41210
41230
41496
41689
41690
42064
42156
42157
42426
42736
43137
43335
43346
43558
43982
44386
44656
44689
44745
45351
45371
45385
45623
45831
46245
46348
46385
46731
47073
47427
47429
47519
47664
47721
47769
48026
48139
48386
48703
49011
49314
49451
49666
49827
49840
49992
50053
50225
50344
50426
50429
50452
50459
50514
51239
51240
51338
51351
51432
51453
52822
52861
53602
54477
54796
54860
55057
55084
55183
55188
55190
55423
55431
55575
55588
55670
55837
56690
56722
56992
57059
57062
57155
57267
57486
58218
58228
58431
58824
58839
59689
59729
59818
59899
60093
60219
60698
60710
60712
61198
61235
61267
61428
62890
63677
64040
64174
64182
64459
64468
64518
64660
65032
65409
65693
66188
66420
66546
66636
67831
68825
69319
69820
70019
70109
70142
70226
70448
71139
71412
71413
71582
71610
71721
72011
72433
72491
72496
72550
72859
73239
73376
74491
74613
74722
74940
75702
75873
75988
76306
76659
76966
77880
78168
78534
78579
78605
78630
78632
79200
79327
79674
79730
79738
79782
80379
80836
81572
82025
82316
82528
82927
83131
83332
83333
83912
85310
85439
85552
85962
85995
86381
86630
87757
88032
88036
88085
88086
88087
88448
88450
88728
88730
88771
89445
89462
90312
90397
91420
91432
92519
93061
93154
93504
93608
93625
93699
93934
94232
94328
97415
97441
98334
98349
98921
99287
99571
99586
99806
99929
100756
100989
101163
101187
101286
101291
101317
101596
102211
102803
103349
103480
103941
103944
104060
104259
104355
104688
104954
105351
106198
106556
108892
109174
109781
110107
110193
110218
111177
112509
112883
114476
115339
115422
116153
117024
118510
118700
118974
119829
120645
121160
121224
122909
124763
126767
126793
127021
127999
128077
129470
129788
130081
130138
130704
132465
133901
135722
136217
137071
137221
137888
138955
140101
140968
141467
142615
142679
143350
144565
144766
145168
145753
145953
149628
152095
153609
155299
156354
156870
156871
157295
157554
157652
157914
159736
159942
160488
160621
161274
161573
161655
161934
162425
163134
164110
165200
165778
167618
167935
168631
169397
169758
169857
170187
171760
171929
172269
172552
173654
179355
179666
179874
180498
180675
180952
181762
182058
182803
184540
184542
184545
184922
185217
185431
185447
186872
187148
187461
187623
190515
190902
191219
191427
192326
192414
192415
192750
192919
194601
196418
197464
199156
200320
200525
200597
201963
203543
203992
204045
204129
204285
208963
208964
210202
212266
213387
214684
215358
219594
219785
219812
221103
221162
221454
221570
222929
223283
223751
224308
226208
226809
226900
227321
227722
228393
229533
230192
230806
231512
232299
232302
235443
237561
239355
239748
242054
242110
242507
242841
243232
243273
244443
246266
246409
246982
248308
248869
251391
251400
252530
252632
252780
254849
257327
257335
257347
258211
259368
264483
264951
267265
268413
268906
269635
271217
271848
272141
279730
280754
284590
284591
284593
284812
284813
286670
288781
289672
290576
291283
294381
294747
294748
294750
296050
298137
298395
299683
299727
306902
307796
307972
309130
310659
311405
312017
312531
313354
316287
317363
317381
318249
318829
319348
321363
321614
322104
324593
326986
329350
330879
331117
332648
332952
334819
336074
336722
338210
339422
339787
341663
341676
342590
343250
343691
344612
351660
353152
353153
356346
361634
367110
367680
368048
368049
369515
370292
372551
373036
373101
375434
375577
379576
380704
380989
381128
383679
384075
387623
389514
390785
394106
396334
396869
402676
403677
409370
412080
413071
419285
425011
425177
425265
426428
428381
429560
430902
431241
431936
432359
432528
443222
446489
451804
457753
458696
460024
465486
474922
480358
483148
485572
486092
495387
497827
498019
498257
500485
502779
502780
507601
508771
510516
510798
515849
519296
520031
529024
531920
542674
545124
547193
555479
556484
559292
559298
559305
559307
559515
561169
573729
573826
578454
578461
582867
587669
588669
588858
595496
595528
602072
608512
610380
621823
644223
647263
655819
655827
660122
662878
662907
663331
666126
683695
684658
694369
696368
697321
716892
727944
746128
749593
749675
756487
756488
759272
759273
763407
763456
765876
771870
858221
863974
870730
880079
881871
889517
930089
947166
1003335
1009714
1026970
1028682
1033177
1043007
1047171
1051630
1072389
1077530
1081927
1094619
1108046
1108849
1120755
1143189
1176036
1186175
1200835
1211104
1220924
1221240
1229662
1234705
1237896
1260784
1336846
1337871
1343917
1343918
1344414
1344416
1365484
1392255
1403190
1457464
1491104
1577145
1590841
1593264
1661398
1735992
1744888
1805964
1840584
1859699
1884235
1905032
1940113
1973307
1979465
2015173
2024242
2034991
2053141
2066572
2072580
2081491
2126942
2338500
2517092
2527855
2565416
2587399
2587412
2592315
2593188
2599738
2602932
2652724
2653441
2684170
2697470
2718978
2747968
2782196
2784303
2822231
2836329
2899558
2946199
2986840
3056146
3122430
3148161
3148341
3400313
3400809
